1 54 20 11 127 0 0.21
2 47 21 13 131 0 0.28
3 45 11 5 169 1 1.46 0.29
4 52 18 19 131 0 0.33
5 54 19 44 192 0 0.08
6 53 22 40 152 0 0.24
7 48 11 7 149 1 1.44 0.29
8 47 23 40 100 0 0.22
9 55 21 30 133 0 0.13
10 49 13 5 152 1 1.16 0.16
11 53 10 8 198 1 1.3 0.19
12 53 14 5 171 1 1.27 0.24
13 47 23 50 185 0 0.28
14 50 25 26 177 0 0.42
15 51 10 8 180 1 1.2 0.21
16 54 15 5 209 1 1.23 0.24
17 48 22 53 171 0 0.43
18 55 24 12 118 0 0.31
19 47 21 48 188 0 0.02
20 47 20 28 128 0 0.43
21 53 15 26 191 0 0.38
22 47 8 7 217 1 1.45 0.07
23 52 18 41 111 0 0.34
24 53 8 7 220 1 1.27 0.13
25 46 9 7 125 1 1.37 0.15
26 48 20 48 157 0 0.17
27 48 10 6 152 1 1.26 0.2
28 48 15 8 149 1 1.12 0.11
29 52 17 41 133 0 0.19
30 47 19 40 141 0 0.35
31 55 9 6 180 1 1.27 0.1
32 47 20 33 122 0 0.29
33 48 21 20 102 0 0.47
34 52 24 38 167 0 0.5
35 48 15 6 137 0 0.23
36 45 20 12 183 0 0.16
37 50 20 46 143 0 0.45
38 46 16 23 169 0 0.48
39 51 15 8 175 1 1.19 0.08
40 48 11 8 186 1 1.2 0.06
41 54 8 8 132 1 1.16 0.06
42 47 13 7 216 1 1.18 0.15
43 54 12 5 207 1 1.15 0.3
44 49 15 6 153 0 0.35
45 50 22 17 130 0 0.11
46 55 24 41 100 0 0.06
47 54 19 53 134 0 0.39
48 52 24 45 182 0 0.21
49 54 9 7 150 1 1.45 0.14
50 48 11 8 203 1 1.37 0.07
51 47 10 7 135 1 1.15 0.09
52 50 18 5 177 0 0.25
53 47 16 14 107 0 0.23
54 51 25 14 127 0 0.31
55 50 18 31 115 0 0.39
56 50 23 45 176 0 0.29
57 45 12 9 216 1 1.19 0.16
58 54 18 6 150 0 0.19
59 48 10 6 217 1 1.26 0.06
60 55 15 37 118 0 0.16
61 55 20 43 179 0 0.37
62 49 16 40 116 0 0.38
63 47 24 25 131 0 0.37
64 49 13 7 165 1 1.29 0.13
65 52 11 7 127 1 1.46 0.15
66 46 11 7 210 1 1.21 0.13
67 50 22 23 145 0 0.15
68 48 25 18 144 0 0.42
69 46 18 26 199 0 0.36
70 52 18 15 190 0 0.18
71 55 15 7 166 1 1.25 0.13
72 50 14 9 164 1 1.22 0.28
73 51 15 7 135 1 1.21 0.09
74 51 14 7 151 1 1.17 0.14
75 46 21 47 118 0 0.08
76 45 20 8 141 0 0.23
77 45 25 20 144 0 0.28
78 48 14 9 178 1 1.16 0.07
79 47 17 41 161 0 0.13
80 51 17 46 185 0 0.34
81 45 16 52 151 0 0.4
82 50 8 8 194 1 1.24 0.16
83 49 24 25 147 0 0.06
84 53 24 7 104 0 0.34
85 55 9 8 128 1 1.15 0.26
86 45 19 36 153 0 0.25
87 54 23 40 129 0 0.48
88 53 14 8 160 1 1.25 0.19
89 53 23 29 170 0 0.1
90 47 14 8 207 1 1.24 0.09
91 52 9 8 210 1 1.34 0.2
92 48 22 22 161 0 0.15
93 53 20 31 158 0 0.48
94 55 10 7 145 1 1.18 0.16
95 46 18 23 143 0 0.07
96 50 18 16 145 0 0.04
97 52 23 42 120 0 0.38
98 55 11 6 157 1 1.18 0.13
99 48 24 48 117 0 0.45
100 48 8 7 210 1 1.11 0.12
101 50 9 9 170 1 1.35 0.19
102 54 19 12 123 0 0.17
103 49 23 52 173 0 0.48
104 49 17 52 103 0 0.27
105 52 15 37 166 0 0.3
106 51 14 6 202 1 1.4 0.19
107 45 11 8 144 1 1.32 0.29
108 48 16 5 196 0 0.43
109 45 10 6 141 1 1.21 0.19
110 48 11 9 224 1 1.28 0.29
111 52 10 8 146 1 1.44 0.25
112 51 8 6 215 1 1.13 0.21
113 50 19 24 188 0 0.42
114 47 21 7 169 0 0.25
115 46 25 19 188 0 0.41
116 51 14 5 157 1 1.45 0.25
117 53 9 9 218 1 1.29 0.3
118 53 8 6 139 1 1.45 0.17
119 49 19 47 126 0 0.32
120 49 10 7 217 1 1.14 0.22
121 53 15 31 165 0 0.49
122 48 12 5 172 1 1.4 0.1
123 46 12 9 148 1 1.16 0.15
124 45 12 6 185 1 1.13 0.1
125 52 15 10 180 0 0.1
126 52 15 13 150 0 0.39
127 50 18 8 127 0 0.43
128 51 9 9 148 1 1.26 0.2
129 47 19 8 200 0 0.36
130 48 14 5 154 1 1.1 0.18
131 49 9 7 133 1 1.35 0.23
132 48 11 8 170 1 1.23 0.25
133 50 23 50 141 0 0.16
134 52 23 47 102 0 0.18
135 55 15 24 133 0 0.22
136 46 17 9 121 0 0.38
137 47 10 5 163 1 1.41 0.28
138 47 23 34 117 0 0.36
139 50 9 9 228 1 1.37 0.11
140 46 8 6 184 1 1.27 0.3
141 52 20 18 153 0 0.02
142 54 25 13 160 0 0.09
143 50 18 12 185 0 0.08
144 49 12 5 190 1 1.44 0.16
145 55 14 5 203 1 1.35 0.14
146 46 14 7 229 1 1.27 0.12
147 53 9 5 209 1 1.35 0.26
148 49 11 6 162 1 1.23 0.25
149 55 15 7 175 1 1.32 0.08
150 45 21 14 106 0 0.29
151 54 15 7 161 1 1.28 0.19
152 49 14 9 167 1 1.19 0.11
153 51 20 45 113 0 0.33
154 55 10 6 197 1 1.16 0.08
155 45 14 5 189 1 1.36 0.15
156 47 20 27 160 0 0.01
157 47 21 5 105 0 0.01
158 55 14 6 193 1 1.34 0.26
159 50 15 9 170 1 1.18 0.05
160 47 12 7 225 1 1.42 0.13
